       1      18.09630845      16.49281450      16.17462349      14.47999954      14.41300011      14.59400082     -99.00000000      15.43859673     -99.00000000      15.88799286       0.26580000       0.21230000       0.13360000       0.20390000       0.20390000       0.20390000     -99.00000000       0.20390000     -99.00000000       0.20390000
       2      17.45478532      16.37198695      16.46923256      16.62100220      16.49599838      16.30199814     -99.00000000      16.16083527     -99.00000000      16.50627899       0.26580000       0.21230000       0.13360000       0.20390000       0.20390000       0.20390000     -99.00000000       0.20390000     -99.00000000       0.20390000
       3      17.45908819      16.09127639      15.95844269      15.13399982      15.01399994      15.21900082     -99.00000000      16.23105049     -99.00000000      16.74025345       0.26580000       0.21230000       0.13360000       0.20390000       0.20390000       0.20390000     -99.00000000       0.20390000     -99.00000000       0.20390000
       4      17.30730446      16.10482792      16.13360786      16.30099869      15.93400002      16.11500168     -99.00000000      16.00029564     -99.00000000      16.45287323       0.26580000       0.21230000       0.13360000       0.20390000       0.20390000       0.20390000     -99.00000000       0.20390000     -99.00000000       0.20390000
       5      17.60338156      16.08515520      15.88655090      15.01599979      14.80700016      15.11900043     -99.00000000      15.98202896     -99.00000000      16.44963455       0.26580000       0.21230000       0.13360000       0.20390000       0.20390000       0.20390000     -99.00000000       0.20390000     -99.00000000       0.20390000
       6      18.21630862      16.71394190      16.47765160      15.07800007      14.94099998      15.25500011     -99.00000000      16.03922272     -99.00000000      16.50308609       0.26580000       0.21230000       0.13360000       0.20390000       0.20390000       0.20390000     -99.00000000       0.20390000     -99.00000000       0.20390000
       7      18.18097073      16.59052461      16.26694107      14.80599976      14.64900017      14.83600044     -99.00000000      15.71579552     -99.00000000      16.14078903       0.26580000       0.21230000       0.13360000       0.20390000       0.20390000       0.20390000     -99.00000000       0.20390000     -99.00000000       0.20390000
       8      17.53723178      16.43610968      16.57499695      16.76900101      16.47900009      16.47200012      16.24317360      16.22679710      16.54327011      16.48854828       0.26580000       0.21230000       0.13360000       0.20390000       0.20390000       0.20390000       0.20390000       0.20390000       0.20390000       0.20390000
       9      17.41977633      16.18951096      16.34545898      16.81000137      16.74399948      16.76300049      16.33061600      16.35569763      16.67646217      16.77345657       0.26580000       0.21230000       0.13360000       0.20390000       0.20390000       0.20390000       0.20390000       0.20390000       0.20390000       0.20390000
      10      17.71309480      16.16554010      15.92279911      14.83699989      14.59899998      14.83300018      15.57145214      15.78112793      16.17332077      16.27000427       0.26580000       0.21230000       0.13360000       0.20390000       0.20390000       0.20390000       0.20390000       0.20390000       0.20390000       0.20390000
      11      18.65184523      17.02906590      16.64142227      14.42500019      14.30700016      14.51000023      15.21269131      15.28754807      15.61410618      15.67071438       0.26580000       0.21230000       0.13360000       0.20390000       0.20390000       0.20390000       0.20390000       0.20390000       0.20390000       0.20390000
      12      17.56143044      16.17349290      16.04355621      15.23199940      15.11100006      15.33900070      16.11839676      16.35137749      16.74252319      16.88628387       0.26580000       0.21230000       0.13360000       0.20390000       0.20390000       0.20390000       0.20390000       0.20390000       0.20390000       0.20390000
      13      18.10934811      16.53429050      16.25105476      14.56499958      14.37300014      14.55800056      15.27439690      15.43592739      15.79439163      15.82690907       0.26580000       0.21230000       0.13360000       0.20390000       0.20390000       0.20390000       0.20390000       0.20390000       0.20390000       0.20390000
      14      18.33620958      16.83099775      16.70300102      15.43799973      15.22200012      15.46600056     -99.00000000      16.30904388     -99.00000000      16.77344131       0.26580000       0.21230000       0.13360000       0.20390000       0.20390000       0.20390000     -99.00000000       0.20390000     -99.00000000       0.20390000
      15      18.42758680      16.86314013      16.63116646      15.42399979      15.22800064      15.51200008      16.18754387      16.39208031      16.67459869      16.74128342       0.26580000       0.21230000       0.13360000       0.20390000       0.20390000       0.20390000       0.20390000       0.20390000       0.20390000       0.20390000
      16      17.74658018      16.22072870      15.91173744      14.48400021      14.40999985      14.60500050      15.28131294      15.43918800      15.76770401      15.92872334       0.26580000       0.21230000       0.13360000       0.20390000       0.20390000       0.20390000       0.20390000       0.20390000       0.20390000       0.20390000
      17      18.56077662      17.02325956      16.74097633      15.32299995      15.13600063      15.46700001      16.08537102      16.32828903      16.61167526      16.74545860       0.26580000       0.21230000       0.13360000       0.20390000       0.20390000       0.20390000       0.20390000       0.20390000       0.20390000       0.20390000
      18      18.53578569      16.96124444      16.66992569      15.04300022      15.05399990      15.24600029     -99.00000000      16.11153793     -99.00000000      16.42149353       0.26580000       0.21230000       0.13360000       0.20390000       0.20390000       0.20390000     -99.00000000       0.20390000     -99.00000000       0.20390000
      19      17.68753748      16.17742957      16.00824738      15.03899956      14.88500023      15.08600044      15.75692368      16.04908752      16.36546516      16.56901360       0.26580000       0.21230000       0.13360000       0.20390000       0.20390000       0.20390000       0.20390000       0.20390000       0.20390000       0.20390000
      20      18.58596763      16.83863380      16.42091560      14.07299995      13.98000050      14.19000053      14.83442593      14.97343349      15.23013496      15.34805489       0.26580000       0.21230000       0.13360000       0.20390000       0.20390000       0.20390000       0.20390000       0.20390000       0.20390000       0.20390000
      21      17.68188535      16.07214265      15.81272602      14.24199963      14.14900017      14.35000038      15.01373100      15.21049500      15.46490192      15.57400322       0.26580000       0.21230000       0.13360000       0.20390000       0.20390000       0.20390000       0.20390000       0.20390000       0.20390000       0.20390000
      22      17.24824314      16.00686455      16.03788948      15.90600014      15.65000057      15.73200035     -99.00000000      15.97681618     -99.00000000      16.45424271       0.26580000       0.21230000       0.13360000       0.20390000       0.20390000       0.20390000     -99.00000000       0.20390000     -99.00000000       0.20390000
      23      18.28972986      16.74614802      16.47557259      15.11899948      14.89800072      15.13500023     -99.00000000      16.03047943     -99.00000000      16.44182968       0.26580000       0.21230000       0.13360000       0.20390000       0.20390000       0.20390000     -99.00000000       0.20390000     -99.00000000       0.20390000
      24      18.49120032      16.84731086      16.73400307      16.95299911      16.44499969      16.28499985      15.95968246      16.04579926      16.39682961      16.29950714       0.26580000       0.21230000       0.13360000       0.20390000       0.20390000       0.20390000       0.20390000       0.20390000       0.20390000       0.20390000
      25      17.62318868      16.22420480      16.06770134      15.21899986      14.96899986      15.30600071      16.02637100      16.23330307      16.60619354      16.72016907       0.26580000       0.21230000       0.13360000       0.20390000       0.20390000       0.20390000       0.20390000       0.20390000       0.20390000       0.20390000
