       1     2.490195   kp03_3750_G50     8  3750  0.30  5.00       0.00002128     0.100000
       3     2.207764   km10_4500_G15     8  4500 -1.00  1.50       0.00007375     0.250000
       5     2.173308   km20_4250_G10     8  4250 -2.00  1.00       0.00005757     0.050000
       6     2.640997   kp05_4000_G50     8  4000  0.50  5.00       0.00001803     0.050000
       7     2.275545   kp01_3750_G50     8  3750  0.10  5.00       0.00002088     0.000000
      10     2.228364   km20_4000_G15    10  4000 -2.00  1.50       0.00004393     0.000000
      11     2.843816   kp05_3500_G50    10  3500  0.50  5.00       0.00000997     0.050000
      12     2.271164   km10_4500_G15    10  4500 -1.00  1.50       0.00006720     0.250000
      13     2.464974   kp05_3750_G50    10  3750  0.50  5.00       0.00002046     0.050000
      14     3.530954   kp05_4000_G50     8  4000  0.50  5.00       0.00001524     0.000000
      15     2.891152   km30_4000_G25    10  4000 -3.00  2.50       0.00002624     0.250000
      16     2.822663   kp00_3750_G50    10  3750  0.00  5.00       0.00003144     0.000000
      17     2.733254   kp05_4000_G50    10  4000  0.50  5.00       0.00001297     0.150000
      18     3.366236   kp02_3750_G50     8  3750  0.20  5.00       0.00001441     0.000000
      19     2.975148   km20_4250_G15    10  4250 -2.00  1.50       0.00005533     0.250000
      20     3.624148   kp05_3500_G50    10  3500  0.50  5.00       0.00001045     0.250000
      21     3.276272   kp02_3750_G50    10  3750  0.20  5.00       0.00003221     0.000000
      23     2.475810   kp05_4000_G50     8  4000  0.50  5.00       0.00001648     0.150000
      25     2.080119   km15_4250_G15    10  4250 -1.50  1.50       0.00005778     0.050000
